24,3549913
27,26401563
25,04440443
23,89355144
20,63295389
25,97857601
21,97607349
26,70583209
22,87850581
22,6822718
25,07766961
27,1559801
24,0806299
25,9724723
20,86825159
23,75774407
29,48240608
22,75948363
25,69078646
21,25736259
28,5216834
28,69960631
25,66881314
27,01223792
26,94692831
28,09656056
28,24640645
22,62001404
23,16904202
21,09164708
21,87108982
21,12094485
27,91863765
20,9500412
25,38651692
25,07278665
21,26041444
29,25687429
23,69060335
25,82049013
26,04083377
21,83538316
21,22989593
29,26816614
21,81585131
23,20474868
29,88586077
28,46980193
28,3373516
22,37769707
22,81685842
28,34498123
22,64564959
27,82586138
20,82583087
22,84035768
28,84426405
24,41267129
22,80281991
29,84252449
24,60798975
20,11444441
26,81508835
24,15601062
23,49406415
25,33890805
23,40586566
23,86455885
27,11691641
22,64931181
27,65953551
20,37965026
26,24713889
29,7195349
21,60100101
27,49473556
24,90066225
23,31583605
23,488876
29,75493637
26,47602771
27,1333964
25,56566057
25,45793023
26,00878933
21,28635517
26,82729575
24,59334086
27,59697256
26,27674184
22,37495041
27,0372631
21,06967376
29,24436171
25,91204566
21,31412702
26,95303201
25,3154088
26,94692831
29,23642689
23,79985961
21,86193426
29,26572466
26,7342143
26,94753868
28,484756
22,23761711
26,19312113
22,76039918
20,52705466
21,51493881
20,60426649
27,4263741
28,94283883
20,6878872
24,84542375
24,36475723
24,31836909
20,46205023
24,40229499
29,31058687
27,87163915
26,9164098
26,84438612
27,13736381
27,23319193
25,40452284
26,36829737
29,47965941
29,82757042
21,66600543
26,71742912
27,22067934
21,66295358
26,70491653
22,79580065
26,9042024
24,34461501
27,0003357
26,28406629
25,13412885
28,12219611
26,61244545
25,5711539
20,02807703
23,78521073
22,74636067
25,31846065
23,78063295
21,22074038
21,33274331
25,96087527
25,40360729
27,44102298
24,19293802
28,46491897
27,70531327
21,89550462
24,34736167
24,6519364
27,57042146
21,88543352
21,03274636
28,4008301
23,60209967
25,88274789
20,98544267
28,04071169
20,19135105
27,57560961
27,56065554
25,25040437
22,07312235
28,44691305
24,24298837
20,77120273
28,43501083
21,70201727
24,11694693
22,25043489
20,63631092
25,35599841
21,85369427
24,52589496
22,60689108
27,29270302
29,78362377
27,66350291
27,98150578
20,10956145
24,6089053
23,06253243
23,03415021
28,56227302
26,3289285
22,94045839
29,4799646
27,41447188
25,92852565
23,505356
26,19678335
22,51533555
23,40403455
27,13736381
23,9414655
22,91024506
22,68044069
23,88256478
22,11157567
26,79738762
24,98702963
27,5777459
21,62297433
29,14792322
27,25211341
26,91579943
22,96426283
23,79589221
27,07907346
26,76625874
23,48551897
27,81517991
20,86886196
20,05951109
22,99295022
20,99276711
26,64845729
25,55436872
21,70171209
28,21344646
28,16705832
21,79052095
29,62004456
27,56523331
21,82775353
22,5531785
21,4148381
21,98309275
23,01126133
24,14563433
25,83605457
27,23776971
23,35764641
29,79827265
23,74584185
24,08337657
25,5671865
21,51188696
23,83129368
27,38303781
27,28324229
24,66231269
20,05035554
20,0143437
20,62013611
25,66515091
29,88067263
24,37482833
28,89828181
28,02179022
27,42912076
29,2977691
27,14682455
27,05893124
20,4730369
25,1884518
27,94152654
28,66817225
25,48265023
25,20004883
29,13449507
22,36426893
29,69847713
25,2519303
25,04165777
23,97320475
24,32111576
20,71169164
27,65129551
28,25861385
27,8768273
22,54860073
29,41221351
26,80410169
23,82122257
20,77242347
24,16791284
21,46305734
21,4435255
27,96899319
27,79778436
28,6855678
24,13464766
20,74770348
25,12649922
25,03524888
24,08093509
21,91076388
24,66780602
29,21506394
27,44560076
21,15604114
27,76116214
20,90395825
29,10184027
27,13156529
23,66435743
21,72643208
20,97811823
28,64497818
27,16879788
28,66145817
23,0814539
27,84997101
20,29450362
25,20523698
21,25492111
23,2166509
24,62965789
20,60121464
20,74098941
25,09781182
25,87817011
22,44972076
29,60417493
21,70720542
27,1764275
23,00729392
21,08066042
28,32087161
22,74147771
24,48927274
28,91781365
27,51091037
28,41547899
23,69273965
24,76149785
23,23038423
20,6634724
21,24393445
21,65929136
26,55690176
20,59694205
25,78997162
22,73873104
25,90655232
24,57136753
28,44233528
29,12228767
29,53703421
27,93572802
27,7886288
26,14490188
23,14645833
23,48399304
20,78249458
21,93548387
20,38117618
21,17984558
29,82512894
27,4221015
29,06918546
20,70986053
21,34891812
21,82531205
20,9848323
23,4336375
26,22150334
22,70516068
27,96563616
25,29038362
27,27439192
24,61897641
22,18482009
27,22525712
24,27503281
25,4545732
23,40006714
24,69649342
21,6544084
24,50483718
20,98574786
22,82845546
29,29715873
21,33854183
23,5627308
28,77254555
21,71300394
29,54008606
24,03790399
27,83349101
25,90105899
24,36719871
22,86935026
24,93301187
23,21420942
28,40723899
27,36228523
27,96502579
25,54338206
24,27350688
29,8156682
24,60737938
21,12796411
28,42371899
22,3279519
29,15585803
20,31067843
25,14755699
21,07577746
20,93539232
26,5437788
24,79842524
27,87835322
20,86336863
22,96121097
25,3193762
21,85674612
27,71202734
29,83397931
21,13986633
29,00814844
20,64424574
23,2105472
28,49085971
22,49732963
29,58311716
20,06805628
21,21402631
21,48899808
29,97100742
20,27405622
26,11896115
21,32206183
23,49040193
20,67903684
21,95287942
22,8479873
21,30252998
21,65349284
21,04861599
23,74095889
21,36753441
21,3739433
27,71019623
29,59196753
26,4085818
28,17804498
22,39600818
27,60155034
24,08490249
26,29932554
25,77135533
20,68422498
25,93432417
25,29129917
21,68004395
24,79171117
26,64479507
28,45637379
23,11044649
27,27408673
20,22461623
20,5917539
20,20691549
29,08932768
24,62691122
20,36347545
24,39863277
28,66969817
21,39347514
27,62230293
27,70134587
20,26429029
21,88329722
20,97170934
21,26010926
24,5658742
26,64326914
25,90716269
22,19000824
24,43220313
29,48545793
28,82747887
22,78237251
23,52244636
22,8357799
27,24326304
21,13498337
20,65279092
25,91570788
21,48625141
27,27256081
27,68852809
22,31330302
28,23755608
23,81572924
23,78307443
28,51771599
21,17984558